1 0.4675 0.065 0.045 0.03666666666666667
1 0.48625 0.11333333333333334 0.0275 0.05333333333333334
1 0.5181250000000001 0.24500000000000002 0.02625 0.060000000000000005
1 0.249375 0.22666666666666668 0.02375 0.05333333333333334
1 0.311875 0.275 0.04125 0.05
1 0.29125 0.31333333333333335 0.0325 0.05333333333333334
1 0.3525 0.3541666666666667 0.0325 0.045000000000000005
1 0.385625 0.37833333333333335 0.043750000000000004 0.060000000000000005
1 0.32875 0.3825 0.0475 0.058333333333333334
1 0.281875 0.4033333333333334 0.03625 0.05666666666666667
1 0.32875 0.42250000000000004 0.0425 0.045000000000000005
1 0.32125 0.4633333333333334 0.0375 0.04
1 0.274375 0.63 0.03875 0.04666666666666667
1 0.47500000000000003 0.6008333333333333 0.0425 0.065
1 0.356875 0.7058333333333334 0.03375 0.06166666666666667
1 0.385 0.76 0.045 0.043333333333333335
1 0.319375 0.8316666666666667 0.03625 0.04666666666666667
1 0.424375 0.8325 0.03875 0.04166666666666667
1 0.48125 0.7041666666666667 0.035 0.04833333333333334
1 0.47000000000000003 0.7658333333333334 0.04 0.04833333333333334
1 0.591875 0.6941666666666667 0.043750000000000004 0.04833333333333334
1 0.610625 0.7216666666666667 0.043750000000000004 0.05
1 0.5806250000000001 0.6008333333333333 0.03625 0.03166666666666667
0 0.6587500000000001 0.6383333333333334 0.0425 0.05666666666666667
8 0.39187500000000003 0.29083333333333333 0.06125 0.07500000000000001
8 0.42625 0.6383333333333334 0.0625 0.05666666666666667
8 0.395 0.7075 0.0525 0.08166666666666667
8 0.451875 0.8666666666666667 0.05625 0.05
6 0.46625 0.11083333333333334 0.0325 0.045000000000000005
6 0.384375 0.5233333333333333 0.03625 0.04666666666666667
6 0.42125 0.5275000000000001 0.0325 0.03833333333333334
6 0.42375 0.56 0.0375 0.04666666666666667
6 0.361875 0.6475000000000001 0.03375 0.065
6 0.429375 0.7708333333333334 0.03125 0.04166666666666667
6 0.49062500000000003 0.8 0.03375 0.04666666666666667
6 0.448125 0.7325 0.03125 0.04833333333333334
6 0.41250000000000003 0.88 0.0375 0.03333333333333333
7 0.49 0.8466666666666667 0.0475 0.05666666666666667
7 0.56375 0.4391666666666667 0.0475 0.055
6 0.361875 0.32583333333333336 0.03125 0.03833333333333334
6 0.30375 0.5025000000000001 0.045 0.04833333333333334
6 0.204375 0.55 0.02625 0.05666666666666667
12 0.2625 0.35250000000000004 0.015 0.015000000000000001
12 0.264375 0.305 0.01125 0.023333333333333334
12 0.2225 0.3216666666666667 0.01 0.023333333333333334
4 0.515 0.54 0.0275 0.05
4 0.68625 0.6816666666666668 0.025 0.05333333333333334
4 0.665625 0.14333333333333334 0.02125 0.05666666666666667
4 0.474375 0.16 0.02375 0.060000000000000005
