0 0.077957 0.602941 0.063441 0.203209
0 0.153226 0.604947 0.056989 0.196524
0 0.134409 0.582219 0.047312 0.169786
0 0.250538 0.579545 0.040860 0.148396
0 0.158065 0.568182 0.034409 0.165775
0 0.180108 0.578209 0.048387 0.175134
0 0.197849 0.569519 0.043011 0.157754
0 0.211828 0.564840 0.021505 0.121658
0 0.222581 0.543449 0.019355 0.086898
0 0.244624 0.556818 0.052688 0.156417
0 0.274194 0.548128 0.021505 0.106952
0 0.289247 0.580882 0.030108 0.054813
0 0.311828 0.556818 0.027957 0.100267
0 0.331183 0.732620 0.165591 0.505348
0 0.447849 0.620989 0.067742 0.231283
0 0.402151 0.568182 0.023656 0.122995
0 0.375269 0.588904 0.068817 0.220588
0 0.424731 0.547460 0.023656 0.102941
0 0.435484 0.543449 0.023656 0.113636
0 0.640860 0.628342 0.062366 0.211230
0 0.327419 0.189171 0.044086 0.209893