0 0.191875 0.197084 0.026250 0.181562
0 0.213438 0.184384 0.025625 0.184384
0 0.331562 0.285042 0.055625 0.139229
0 0.325000 0.266698 0.043750 0.142051
0 0.334375 0.416275 0.047500 0.177799
0 0.480625 0.346660 0.050000 0.189087
0 0.279375 0.071496 0.026250 0.142992
0 0.260313 0.071966 0.023125 0.143932
0 0.243438 0.067262 0.021875 0.134525
0 0.223125 0.064440 0.027500 0.128881
0 0.204375 0.067733 0.021250 0.135466
0 0.048750 0.684384 0.097500 0.386642
0 0.116875 0.657103 0.088750 0.300094
0 0.145000 0.586077 0.023750 0.174976
0 0.158438 0.584666 0.029375 0.145814
0 0.188750 0.672154 0.086250 0.356538
0 0.221250 0.643462 0.046250 0.244591
0 0.282500 0.642521 0.073750 0.246472
0 0.314375 0.682502 0.056250 0.279398
0 0.440000 0.588429 0.020000 0.134525
0 0.414375 0.642521 0.037500 0.222013
0 0.406562 0.682973 0.065625 0.314205
0 0.376250 0.665099 0.078750 0.291627
0 0.367188 0.645814 0.061875 0.281279
0 0.504062 0.684384 0.139375 0.473189
0 0.577500 0.715898 0.168750 0.568203
0 0.680625 0.603010 0.036250 0.173095
0 0.649687 0.688147 0.071875 0.343368
0 0.704688 0.608184 0.025625 0.147695
0 0.716875 0.626529 0.043750 0.199436
0 0.739062 0.639229 0.051875 0.228598
0 0.763437 0.579022 0.021875 0.108184
0 0.781875 0.674506 0.080000 0.329257
0 0.824688 0.706491 0.125625 0.421449
0 0.865313 0.626529 0.045625 0.193791
0 0.894375 0.626999 0.040000 0.207902
0 0.936875 0.569144 0.022500 0.090310
0 0.911563 0.729069 0.118125 0.368768
0 0.955937 0.595955 0.025625 0.123236