0 0.844000 0.802899 0.088000 0.324638
0 0.948500 0.697101 0.095000 0.252174
0 0.917000 0.695652 0.074000 0.217391
0 0.845500 0.781159 0.099000 0.286957
0 0.961500 0.632609 0.053000 0.198551
0 0.988000 0.646377 0.024000 0.197101
0 0.983500 0.593478 0.033000 0.204348
0 0.981000 0.579710 0.038000 0.223188
0 0.934500 0.607971 0.043000 0.172464
0 0.953500 0.592754 0.041000 0.173913
0 0.906500 0.593478 0.059000 0.178261
0 0.985000 0.511594 0.030000 0.130435
0 0.888500 0.578261 0.043000 0.182609
0 0.892000 0.547101 0.032000 0.160870
0 0.913500 0.531159 0.043000 0.137681
0 0.948500 0.510870 0.023000 0.105797
0 0.963500 0.528986 0.025000 0.101449
0 0.941000 0.555072 0.032000 0.127536
0 0.931500 0.486957 0.019000 0.101449
0 0.902500 0.480435 0.025000 0.105797
0 0.920500 0.490580 0.023000 0.091304
0 0.882500 0.478986 0.029000 0.097101
0 0.867500 0.525362 0.033000 0.126087
0 0.872500 0.585507 0.039000 0.182609
0 0.848500 0.704348 0.071000 0.246377
0 0.830000 0.676087 0.074000 0.213043
0 0.863500 0.655797 0.061000 0.233333
0 0.826000 0.639130 0.048000 0.179710
0 0.841500 0.584783 0.037000 0.149275
0 0.851000 0.502899 0.030000 0.107246
0 0.852000 0.511594 0.020000 0.089855
0 0.816500 0.583333 0.035000 0.201449
0 0.834000 0.531884 0.030000 0.115942
0 0.835500 0.495652 0.027000 0.098551
0 0.833000 0.475362 0.024000 0.098551
0 0.820500 0.487681 0.025000 0.108696
0 0.800500 0.518116 0.031000 0.143478
0 0.808000 0.478986 0.030000 0.102899
0 0.797500 0.590580 0.033000 0.201449
0 0.775000 0.664493 0.058000 0.201449
0 0.778000 0.632609 0.052000 0.207246
0 0.774500 0.613043 0.039000 0.194203
0 0.775500 0.557971 0.037000 0.147826
0 0.769000 0.505072 0.022000 0.108696
0 0.756500 0.616667 0.033000 0.189855
0 0.760500 0.557971 0.037000 0.130435
0 0.762000 0.560145 0.046000 0.163768
0 0.758500 0.488406 0.025000 0.092754
0 0.742500 0.513768 0.027000 0.114493
0 0.748500 0.468116 0.031000 0.115942
0 0.730500 0.609420 0.041000 0.207246
0 0.727500 0.712319 0.087000 0.268116
0 0.701000 0.634783 0.048000 0.211594
0 0.703500 0.597826 0.041000 0.184058
0 0.701500 0.524638 0.027000 0.124638
0 0.685000 0.553623 0.028000 0.127536
0 0.721000 0.531159 0.032000 0.123188
0 0.736000 0.550725 0.030000 0.124638
0 0.717500 0.503623 0.029000 0.097101
0 0.692500 0.481884 0.027000 0.097101
0 0.683000 0.539130 0.030000 0.113043
0 0.684000 0.610145 0.040000 0.182609
0 0.669000 0.757971 0.086000 0.301449
0 0.646500 0.813768 0.095000 0.311594
0 0.620000 0.771014 0.096000 0.263768
0 0.563000 0.805072 0.068000 0.259420
0 0.548000 0.751449 0.044000 0.131884
0 0.554500 0.726812 0.065000 0.247826
0 0.667500 0.661594 0.043000 0.201449
0 0.662500 0.605072 0.043000 0.152174
0 0.647500 0.605797 0.041000 0.159420
0 0.621500 0.615942 0.047000 0.162319
0 0.603500 0.624638 0.057000 0.200000
0 0.569500 0.692754 0.057000 0.234783
0 0.569000 0.630435 0.040000 0.165217
0 0.665500 0.522464 0.025000 0.114493
0 0.656500 0.494928 0.029000 0.117391
0 0.650000 0.468841 0.022000 0.102899
0 0.663500 0.455072 0.023000 0.098551
0 0.643000 0.451449 0.022000 0.079710
0 0.619500 0.467391 0.025000 0.091304
0 0.614000 0.505072 0.034000 0.126087
0 0.631500 0.454348 0.025000 0.105797
0 0.599500 0.472464 0.027000 0.098551
0 0.586500 0.465217 0.027000 0.110145
0 0.532500 0.682609 0.051000 0.234783
0 0.544000 0.647101 0.044000 0.215942
0 0.568500 0.621739 0.041000 0.188406
0 0.538000 0.578986 0.038000 0.166667
0 0.562500 0.578261 0.037000 0.136232
0 0.564500 0.523913 0.033000 0.126087
0 0.573500 0.528986 0.025000 0.136232
0 0.560000 0.500725 0.030000 0.108696
0 0.575500 0.494203 0.027000 0.110145
0 0.542000 0.449275 0.022000 0.092754
0 0.526000 0.471739 0.030000 0.100000
0 0.526500 0.446377 0.025000 0.098551
0 0.510000 0.586232 0.032000 0.157971
0 0.472000 0.731884 0.070000 0.281159
0 0.489000 0.711594 0.054000 0.269565
0 0.487500 0.638406 0.057000 0.207246
0 0.488500 0.581884 0.049000 0.181159
0 0.508500 0.512319 0.031000 0.105797
0 0.489500 0.527536 0.027000 0.118841
0 0.504500 0.472464 0.017000 0.078261
0 0.500000 0.457971 0.020000 0.075362
0 0.496500 0.444928 0.023000 0.081159
0 0.458000 0.526812 0.038000 0.152174
0 0.471500 0.512319 0.031000 0.123188
0 0.480500 0.478986 0.023000 0.088406
0 0.453000 0.494928 0.032000 0.123188
0 0.401000 0.754348 0.064000 0.268116
0 0.412500 0.703623 0.061000 0.227536
0 0.347000 0.754348 0.086000 0.320290
0 0.364500 0.680435 0.051000 0.233333
0 0.383000 0.716667 0.056000 0.224638
0 0.427000 0.649275 0.054000 0.223188
0 0.386000 0.647101 0.048000 0.215942
0 0.441000 0.624638 0.054000 0.185507
0 0.413000 0.591304 0.050000 0.159420
0 0.420500 0.556522 0.035000 0.118841
0 0.409000 0.539855 0.030000 0.111594
0 0.423500 0.496377 0.033000 0.126087
0 0.438000 0.477536 0.028000 0.120290
0 0.467500 0.460145 0.023000 0.088406
0 0.464000 0.407971 0.018000 0.065217
0 0.448500 0.415942 0.017000 0.075362
0 0.378000 0.510870 0.038000 0.140580
0 0.329500 0.650000 0.045000 0.195652
0 0.337000 0.607971 0.056000 0.172464
0 0.353000 0.592754 0.038000 0.147826
0 0.329500 0.538406 0.035000 0.140580
0 0.341500 0.502174 0.033000 0.137681
0 0.358000 0.496377 0.036000 0.117391
0 0.392500 0.465942 0.029000 0.126087
0 0.403500 0.460870 0.025000 0.110145
0 0.418500 0.432609 0.023000 0.088406
0 0.376000 0.442754 0.020000 0.076812
0 0.332000 0.436232 0.022000 0.063768
0 0.355500 0.434783 0.017000 0.057971
0 0.357000 0.403623 0.016000 0.056522
0 0.320500 0.415942 0.017000 0.069565
0 0.285500 0.673188 0.045000 0.236232
0 0.299500 0.650000 0.041000 0.198551
0 0.238000 0.666667 0.050000 0.234783
0 0.253500 0.625362 0.037000 0.175362
0 0.302500 0.501449 0.029000 0.118841
0 0.265500 0.614493 0.037000 0.200000
0 0.278000 0.552899 0.040000 0.149275
0 0.239500 0.568116 0.057000 0.173913
0 0.197500 0.652899 0.059000 0.224638
0 0.227000 0.573913 0.038000 0.144928
0 0.230000 0.549275 0.036000 0.130435
0 0.283500 0.521014 0.031000 0.131884
0 0.289500 0.510870 0.027000 0.131884
0 0.301500 0.503623 0.033000 0.128986
0 0.271000 0.504348 0.036000 0.133333
0 0.280500 0.439130 0.021000 0.069565
0 0.297000 0.446377 0.024000 0.078261
0 0.314500 0.434783 0.019000 0.066667
0 0.280000 0.420290 0.016000 0.060870
0 0.256000 0.434058 0.016000 0.056522
0 0.240500 0.491304 0.027000 0.107246
0 0.219000 0.439855 0.026000 0.088406
0 0.179500 0.431159 0.025000 0.088406
0 0.199000 0.452899 0.022000 0.085507
0 0.202000 0.502899 0.024000 0.104348
0 0.180500 0.514493 0.035000 0.121739
0 0.158000 0.448551 0.020000 0.073913
0 0.178000 0.441304 0.016000 0.071014
0 0.156000 0.481884 0.026000 0.097101
0 0.163000 0.414493 0.016000 0.063768
0 0.138000 0.461594 0.020000 0.073913
0 0.150000 0.511594 0.026000 0.089855
0 0.137500 0.594928 0.039000 0.163768
0 0.178000 0.565217 0.036000 0.136232
0 0.129000 0.531884 0.032000 0.113043
0 0.111000 0.545652 0.034000 0.149275
0 0.125500 0.450000 0.021000 0.071014
0 0.124500 0.480435 0.023000 0.079710
0 0.105000 0.489130 0.024000 0.088406
0 0.111500 0.446377 0.021000 0.075362
0 0.127500 0.394203 0.013000 0.052174
0 0.110500 0.389855 0.011000 0.049275
0 0.090500 0.422464 0.017000 0.050725
0 0.086500 0.623188 0.047000 0.200000
0 0.128000 0.672464 0.076000 0.217391
0 0.051000 0.592754 0.044000 0.168116
0 0.023000 0.586957 0.046000 0.133333
0 0.034500 0.570290 0.041000 0.149275
0 0.071000 0.536957 0.040000 0.149275
0 0.074500 0.497101 0.019000 0.084058
0 0.059000 0.500725 0.020000 0.088406
0 0.089500 0.504348 0.031000 0.110145
0 0.090000 0.480435 0.022000 0.088406
0 0.092000 0.447101 0.018000 0.056522
0 0.077500 0.455072 0.021000 0.086957
0 0.064500 0.476812 0.023000 0.089855
0 0.038500 0.530435 0.033000 0.104348
0 0.029500 0.557246 0.029000 0.146377
0 0.027000 0.514493 0.026000 0.107246
0 0.026000 0.489855 0.024000 0.104348
0 0.045500 0.477536 0.019000 0.079710
0 0.053500 0.452899 0.017000 0.082609
0 0.081500 0.429710 0.019000 0.073913
0 0.056000 0.416667 0.016000 0.062319
0 0.058000 0.394928 0.016000 0.062319
0 0.042000 0.392029 0.016000 0.056522
0 0.058500 0.377536 0.013000 0.044928
0 0.172500 0.473913 0.025000 0.092754
0 0.229000 0.471739 0.024000 0.097101
0 0.245500 0.547101 0.031000 0.131884
0 0.255500 0.548551 0.033000 0.137681
0 0.319000 0.502899 0.030000 0.118841
0 0.358500 0.492029 0.029000 0.117391
0 0.900500 0.411594 0.025000 0.084058
0 0.876500 0.302899 0.023000 0.066667
0 0.180000 0.484783 0.024000 0.088406
0 0.224000 0.481159 0.024000 0.092754
0 0.211500 0.431159 0.021000 0.079710
0 0.641000 0.665942 0.044000 0.184058
0 0.896000 0.521739 0.028000 0.130435
0 0.198500 0.611594 0.045000 0.202899
0 0.168500 0.453623 0.021000 0.089855
0 0.343500 0.568841 0.035000 0.143478
0 0.446500 0.447826 0.021000 0.092754
0 0.132500 0.510145 0.027000 0.107246
0 0.146500 0.481159 0.019000 0.081159
0 0.266500 0.471739 0.023000 0.091304
0 0.843000 0.736232 0.076000 0.243478
0 0.156500 0.627536 0.051000 0.194203
0 0.048000 0.584783 0.034000 0.155072
0 0.043000 0.520290 0.030000 0.121739
0 0.061000 0.486957 0.020000 0.081159
0 0.073500 0.496377 0.023000 0.088406
0 0.171500 0.614493 0.045000 0.176812
0 0.699500 0.500000 0.023000 0.124638
0 0.716000 0.502174 0.026000 0.117391