0 0.444583 0.743889 0.304167 0.445556
0 0.202083 0.743889 0.269167 0.423333
0 0.077500 0.664722 0.155000 0.347222
0 0.170000 0.683056 0.166667 0.343889
0 0.575833 0.622222 0.155000 0.210000
0 0.671667 0.619444 0.125000 0.204444
0 0.795000 0.616111 0.125000 0.200000
0 0.918333 0.629444 0.103333 0.212222
0 0.957500 0.622222 0.085000 0.186667
0 0.748750 0.571111 0.070833 0.101111
0 0.696250 0.584167 0.059167 0.116111
0 0.628333 0.556389 0.033333 0.066111
0 0.590417 0.580278 0.067500 0.130556
0 0.488750 0.559444 0.044167 0.081111
0 0.470417 0.559444 0.039167 0.082222
0 0.450833 0.567500 0.055000 0.091667