0 0.100000 0.656660 0.107500 0.386492
0 0.137500 0.622889 0.072500 0.240150
0 0.273750 0.640713 0.072500 0.354597
0 0.330625 0.614447 0.041250 0.268293
0 0.352500 0.629456 0.060000 0.264540
0 0.451875 0.703565 0.053750 0.277674
0 0.486250 0.689493 0.067500 0.257036
0 0.556250 0.650094 0.055000 0.227017
0 0.640625 0.621013 0.071250 0.262664
0 0.626250 0.588180 0.062500 0.223265
0 0.693125 0.570356 0.038750 0.180113
0 0.763750 0.559099 0.050000 0.187617
0 0.877500 0.565666 0.052500 0.215760
0 0.981250 0.585366 0.037500 0.240150