0 0.364583 0.474167 0.070833 0.238333
0 0.496875 0.471667 0.089583 0.196667
0 0.523958 0.450833 0.081250 0.208333
0 0.539583 0.484167 0.108333 0.235000
0 0.522917 0.525833 0.120833 0.261667
0 0.588542 0.510000 0.068750 0.206667
0 0.608333 0.534167 0.108333 0.231667
0 0.646875 0.516667 0.085417 0.240000
0 0.687500 0.491667 0.087500 0.216667
0 0.743750 0.500000 0.079167 0.223333
0 0.667708 0.508333 0.106250 0.213333
0 0.750000 0.555833 0.120833 0.298333
0 0.841667 0.550833 0.100000 0.285000
0 0.803125 0.655000 0.172917 0.390000
0 0.854167 0.643333 0.116667 0.370000
0 0.889583 0.629167 0.112500 0.311667
0 0.797917 0.626667 0.145833 0.346667
0 0.646875 0.605000 0.147917 0.340000
0 0.607292 0.620000 0.135417 0.340000
0 0.660417 0.636667 0.170833 0.323333
0 0.611458 0.654167 0.210417 0.368333
0 0.413542 0.715833 0.202083 0.418333
0 0.573958 0.711667 0.164583 0.400000
0 0.737500 0.740000 0.179167 0.390000
0 0.234375 0.780833 0.231250 0.438333
0 0.385417 0.784167 0.183333 0.431667
0 0.514583 0.787500 0.250000 0.425000
0 0.610417 0.794167 0.254167 0.411667
0 0.604167 0.764167 0.200000 0.428333
0 0.200000 0.808333 0.229167 0.383333
0 0.320833 0.817500 0.254167 0.365000
0 0.392708 0.815000 0.131250 0.370000
0 0.489583 0.823333 0.204167 0.353333
0 0.205208 0.839167 0.252083 0.321667