0 0.930000 0.658333 0.140000 0.583333
0 0.730000 0.542500 0.162222 0.718333
0 0.622778 0.581667 0.245556 0.780000
0 0.487222 0.555833 0.107778 0.648333
0 0.578889 0.525000 0.135556 0.646667
0 0.421111 0.536667 0.095556 0.533333
0 0.361667 0.575000 0.123333 0.670000
0 0.319444 0.615833 0.130000 0.728333
0 0.271111 0.555000 0.097778 0.596667
0 0.090556 0.545833 0.145556 0.745000
0 0.165556 0.561667 0.126667 0.633333
0 0.157778 0.535000 0.144444 0.570000
0 0.212778 0.540000 0.103333 0.383333
0 0.215556 0.780000 0.431111 0.440000