0 0.022949 0.830893 0.045898 0.150805
0 0.053711 0.898243 0.093750 0.203514
0 0.117676 0.890190 0.071289 0.204978
0 0.056152 0.790630 0.065430 0.178624
0 0.091309 0.795754 0.079102 0.174231
0 0.119141 0.761347 0.054688 0.169839
0 0.171387 0.785505 0.065430 0.183016
0 0.130859 0.704978 0.058594 0.203514
0 0.113770 0.657394 0.053711 0.169839
0 0.118164 0.630307 0.058594 0.150805
0 0.048828 0.506589 0.046875 0.149341
0 0.183594 0.718155 0.042969 0.197657
0 0.223633 0.732064 0.041016 0.146413
0 0.210449 0.671303 0.038086 0.142020
0 0.249023 0.773060 0.068359 0.169839
0 0.297852 0.757687 0.060547 0.185944
0 0.259277 0.715959 0.045898 0.158126
0 0.215332 0.647877 0.043945 0.153734
0 0.154785 0.593704 0.061523 0.185944
0 0.155762 0.562958 0.045898 0.147877
0 0.194824 0.556369 0.041992 0.146413
0 0.241211 0.565154 0.050781 0.161054
0 0.268066 0.589312 0.040039 0.144949
0 0.285156 0.564422 0.041016 0.156662
0 0.156250 0.434114 0.039062 0.142020
0 0.169434 0.384334 0.043945 0.109810
0 0.192383 0.444363 0.039062 0.133236
0 0.214844 0.493411 0.039062 0.143485
0 0.229492 0.438507 0.044922 0.142020
0 0.283691 0.489751 0.045898 0.147877
0 0.319824 0.537335 0.032227 0.114202
0 0.365723 0.585652 0.032227 0.105417
0 0.337891 0.571742 0.048828 0.177160
0 0.323242 0.451684 0.039062 0.147877
0 0.356445 0.444363 0.037109 0.150805
0 0.397461 0.431918 0.041016 0.143485
0 0.399414 0.516837 0.035156 0.125915
0 0.433594 0.502196 0.039062 0.152269
0 0.269043 0.312592 0.030273 0.112738
0 0.236816 0.300146 0.026367 0.117130
0 0.212891 0.289165 0.033203 0.121523
0 0.179199 0.306735 0.040039 0.121523
0 0.204590 0.221816 0.034180 0.086384
0 0.203125 0.184480 0.021484 0.087848
0 0.213867 0.210102 0.021484 0.071742
0 0.247070 0.178624 0.029297 0.102489
0 0.263672 0.172767 0.029297 0.087848
0 0.286133 0.240117 0.027344 0.081991
0 0.312012 0.234261 0.026367 0.102489
0 0.302246 0.200586 0.020508 0.081991
0 0.314453 0.177892 0.019531 0.086384
0 0.299805 0.116398 0.019531 0.074671
0 0.333984 0.166179 0.023438 0.089312
0 0.326172 0.111274 0.023438 0.081991
0 0.355957 0.122987 0.020508 0.079063
0 0.393066 0.092240 0.018555 0.067350
0 0.403320 0.030747 0.017578 0.061493
0 0.572754 0.084187 0.016602 0.065886
0 0.585938 0.101025 0.019531 0.079063
0 0.616211 0.087848 0.017578 0.073206
0 0.627441 0.093704 0.018555 0.067350
0 0.597656 0.127379 0.025391 0.081991
0 0.644043 0.161786 0.020508 0.083455
0 0.612793 0.189605 0.022461 0.095168
0 0.652344 0.224012 0.029297 0.093704
0 0.577637 0.202782 0.030273 0.098097
0 0.590332 0.225476 0.034180 0.105417
0 0.587891 0.233529 0.025391 0.095168
0 0.584961 0.275988 0.027344 0.112738
0 0.610352 0.250366 0.027344 0.114202
0 0.623535 0.289898 0.030273 0.125915
0 0.649414 0.302343 0.023438 0.118594
0 0.681641 0.161054 0.027344 0.093704
0 0.717285 0.161786 0.026367 0.095168
0 0.691406 0.229136 0.027344 0.118594
0 0.686523 0.225476 0.027344 0.102489
0 0.710449 0.214495 0.022461 0.095168
0 0.715332 0.238653 0.030273 0.111274
0 0.729004 0.257687 0.030273 0.125915
0 0.751953 0.269400 0.027344 0.087848
0 0.743652 0.329429 0.032227 0.122987
0 0.716309 0.340410 0.030273 0.115666
0 0.681152 0.368960 0.028320 0.102489
0 0.697754 0.426061 0.034180 0.114202
0 0.732422 0.514641 0.035156 0.171303
0 0.715820 0.496340 0.033203 0.163982
0 0.708008 0.537335 0.046875 0.163982
0 0.687988 0.505124 0.034180 0.158126
0 0.678711 0.489751 0.039062 0.130307
0 0.678223 0.467789 0.034180 0.133236
0 0.679199 0.587848 0.032227 0.174231
0 0.657715 0.629575 0.040039 0.175695
0 0.639160 0.470717 0.030273 0.150805
0 0.643066 0.439971 0.038086 0.139092
0 0.631348 0.412152 0.030273 0.124451
0 0.622070 0.379941 0.033203 0.127379
0 0.777832 0.552709 0.051758 0.174231
0 0.854492 0.469253 0.041016 0.174231
0 0.886719 0.489751 0.041016 0.156662
0 0.969238 0.658858 0.043945 0.161054
0 0.883789 0.655198 0.052734 0.203514
0 0.865234 0.632504 0.046875 0.175695
0 0.830566 0.633236 0.041992 0.162518
0 0.837891 0.671303 0.041016 0.150805
0 0.829590 0.804539 0.045898 0.194729
0 0.810547 0.756223 0.048828 0.127379
0 0.770508 0.740849 0.052734 0.172767
0 0.767578 0.821376 0.048828 0.178624
0 0.942383 0.811859 0.058594 0.197657
0 0.883301 0.888726 0.069336 0.222548
0 0.916504 0.858712 0.051758 0.200586
0 0.978027 0.857980 0.043945 0.216691
0 0.948730 0.920937 0.053711 0.158126
0 0.981445 0.928990 0.037109 0.142020
0 0.810059 0.975110 0.067383 0.049780
0 0.770508 0.950952 0.076172 0.098097
0 0.687988 0.882870 0.055664 0.202050
0 0.698242 0.833089 0.056641 0.196193
0 0.597168 0.882870 0.055664 0.219619
0 0.625977 0.636164 0.042969 0.168375
0 0.625488 0.581991 0.040039 0.162518
0 0.609375 0.611274 0.048828 0.180088
0 0.604004 0.680820 0.051758 0.202050
0 0.572266 0.628843 0.046875 0.168375
0 0.598145 0.519034 0.034180 0.139092
0 0.597656 0.473646 0.035156 0.130307
0 0.595703 0.428990 0.029297 0.102489
0 0.530273 0.371889 0.029297 0.134700
0 0.560547 0.315520 0.025391 0.115666
0 0.561523 0.302343 0.035156 0.115666
0 0.532715 0.291362 0.034180 0.114202
0 0.534668 0.270864 0.028320 0.108346
0 0.510742 0.269400 0.029297 0.117130
0 0.492676 0.289898 0.016602 0.081991
0 0.476562 0.281113 0.027344 0.105417
0 0.458008 0.274524 0.023438 0.106881
0 0.439941 0.269400 0.028320 0.108346
0 0.425781 0.321376 0.021484 0.112738
0 0.410645 0.315520 0.024414 0.106881
0 0.521484 0.204978 0.021484 0.070278
0 0.548828 0.204978 0.025391 0.070278
0 0.494141 0.386530 0.027344 0.120059
0 0.494141 0.408492 0.027344 0.134700
0 0.303223 0.948023 0.069336 0.103953
0 0.265625 0.942899 0.056641 0.114202
0 0.387207 0.261347 0.030273 0.106881
0 0.372070 0.290630 0.025391 0.112738
0 0.361328 0.256955 0.029297 0.103953
0 0.345215 0.253294 0.020508 0.105417
0 0.352051 0.208638 0.024414 0.086384
0 0.371582 0.185212 0.024414 0.083455
0 0.384766 0.185944 0.023438 0.084919
0 0.576172 0.188873 0.021484 0.084919
0 0.745117 0.313324 0.031250 0.099561
0 0.494141 0.367496 0.023438 0.096633
0 0.356445 0.232064 0.021484 0.109810
0 0.368652 0.272328 0.016602 0.090776
0 0.335449 0.118594 0.018555 0.073206