0 0.045410 0.839193 0.028320 0.095052
0 0.059570 0.864583 0.031250 0.145833
0 0.073242 0.886719 0.039062 0.182292
0 0.088379 0.900391 0.069336 0.199219
0 0.112305 0.832031 0.033203 0.106771
0 0.085449 0.824870 0.030273 0.113281
0 0.058594 0.802083 0.017578 0.057292
0 0.236816 0.820312 0.024414 0.080729
0 0.213379 0.787109 0.016602 0.050781
0 0.224609 0.791016 0.017578 0.045573
0 0.262695 0.813151 0.029297 0.087240
0 0.268066 0.786458 0.018555 0.049479
0 0.295898 0.827474 0.015625 0.069010
0 0.308594 0.827474 0.019531 0.071615
0 0.313965 0.790365 0.018555 0.054688
0 0.338867 0.787760 0.017578 0.049479
0 0.362305 0.815104 0.027344 0.083333
0 0.391113 0.814453 0.022461 0.076823
0 0.397949 0.804688 0.024414 0.070312
0 0.401367 0.777995 0.011719 0.040365
0 0.425293 0.792969 0.016602 0.046875
0 0.429199 0.792318 0.018555 0.045573
0 0.449707 0.812500 0.026367 0.072917
0 0.510742 0.783203 0.017578 0.048177
0 0.640625 0.891276 0.054688 0.175781
0 0.978516 0.763021 0.025391 0.065104
0 0.926758 0.768880 0.021484 0.048177
0 0.856445 0.781901 0.019531 0.066406
0 0.836914 0.787760 0.023438 0.072917
0 0.834473 0.785156 0.026367 0.065104
0 0.875977 0.776693 0.021484 0.066406
0 0.820801 0.768880 0.014648 0.042969
0 0.808594 0.765625 0.013672 0.052083
0 0.801758 0.766276 0.015625 0.050781
0 0.774902 0.776042 0.012695 0.041667
0 0.765625 0.781901 0.011719 0.045573
0 0.758789 0.776693 0.013672 0.050781
0 0.751465 0.776042 0.012695 0.049479
0 0.739746 0.777995 0.014648 0.050781
0 0.731445 0.784505 0.015625 0.050781
0 0.724121 0.779948 0.012695 0.049479
0 0.682617 0.792969 0.017578 0.067708
0 0.685059 0.790365 0.016602 0.059896
0 0.671875 0.787109 0.011719 0.048177
0 0.669434 0.790365 0.012695 0.046875
0 0.646484 0.817708 0.027344 0.093750
0 0.635742 0.785156 0.011719 0.039062
0 0.632324 0.776693 0.016602 0.042969
0 0.620605 0.777344 0.014648 0.046875
0 0.610840 0.785156 0.012695 0.052083
0 0.601074 0.788411 0.016602 0.050781
0 0.591797 0.779948 0.013672 0.041667
0 0.581543 0.781901 0.010742 0.037760
0 0.607910 0.753906 0.008789 0.023438
0 0.564941 0.786458 0.012695 0.044271
0 0.553711 0.785807 0.015625 0.045573
0 0.543945 0.785156 0.015625 0.049479
0 0.480957 0.774740 0.008789 0.036458
0 0.470215 0.776042 0.008789 0.033854