0 0.886743 0.770385 0.057411 0.128462
0 0.855950 0.750769 0.033403 0.076923
0 0.817850 0.765769 0.069937 0.142308
0 0.787578 0.750769 0.030271 0.075385
0 0.771399 0.777308 0.043841 0.090000
0 0.768267 0.747692 0.029228 0.075385
0 0.755219 0.753462 0.036534 0.085385
0 0.741649 0.757692 0.046973 0.083077
0 0.713466 0.837692 0.180585 0.324615
0 0.616388 0.782692 0.090814 0.190000
0 0.525574 0.840769 0.193111 0.318462
0 0.504175 0.760769 0.033403 0.089231
0 0.473904 0.770769 0.043841 0.104615
0 0.453549 0.767308 0.055324 0.128462
0 0.436848 0.768462 0.080376 0.140000
0 0.386221 0.763462 0.056367 0.105385
0 0.350209 0.773077 0.065762 0.141538
0 0.321503 0.847308 0.196242 0.305385
0 0.252088 0.770769 0.051148 0.121538
0 0.244781 0.759615 0.040710 0.103846
0 0.191023 0.794231 0.118998 0.165385
0 0.193111 0.763846 0.060543 0.143077
0 0.149269 0.767308 0.058455 0.134615
0 0.102296 0.778077 0.037578 0.100769
0 0.104906 0.751538 0.036534 0.084615
0 0.099165 0.751154 0.027140 0.076154
0 0.058455 0.749615 0.020877 0.046923
0 0.033925 0.796154 0.065762 0.150769
0 0.039666 0.798462 0.079332 0.086154