0 0.130180 0.642578 0.213514 0.701172
0 0.220721 0.619629 0.163964 0.655273
0 0.292342 0.656250 0.200901 0.656250
0 0.369369 0.631348 0.154955 0.573242
0 0.454955 0.657227 0.167568 0.619141
0 0.534685 0.536621 0.184685 0.598633
0 0.668919 0.648926 0.181081 0.620117
0 0.904955 0.608398 0.175676 0.634766
0 0.833333 0.621094 0.225225 0.654297
0 0.683784 0.552246 0.181982 0.563477
0 0.528378 0.430176 0.184685 0.571289
0 0.677027 0.446289 0.182883 0.517578
0 0.697748 0.397949 0.177477 0.459961
0 0.681532 0.338867 0.118018 0.441406
0 0.556306 0.350586 0.128829 0.412109
0 0.547297 0.276855 0.128829 0.430664
0 0.618018 0.276855 0.077477 0.354492
0 0.701802 0.277344 0.104505 0.343750
0 0.703604 0.203613 0.100901 0.295898
0 0.648198 0.210938 0.083784 0.289062
0 0.604955 0.173340 0.101802 0.293945
0 0.571622 0.197754 0.114414 0.295898