0 0.818750 0.614004 0.250000 0.771993
0 0.754375 0.585278 0.468750 0.829443
0 0.299375 0.543986 0.536250 0.912029
0 0.944375 0.500000 0.111250 1.000000
0 0.884375 0.215440 0.098750 0.366248
0 0.810000 0.202873 0.080000 0.405745
0 0.856250 0.193896 0.070000 0.290844
0 0.731250 0.245063 0.070000 0.213645
0 0.631875 0.242370 0.076250 0.197487
0 0.543750 0.235189 0.097500 0.416517
0 0.568125 0.230700 0.101250 0.407540
0 0.420625 0.284560 0.121250 0.457810
0 0.392500 0.278276 0.085000 0.441652
0 0.316250 0.244165 0.085000 0.391382
0 0.211875 0.235189 0.101250 0.434470
0 0.205625 0.245063 0.103750 0.490126
0 0.128750 0.292639 0.140000 0.585278
0 0.086250 0.272890 0.172500 0.535009