0 0.090365 0.629630 0.180729 0.740741
0 0.287500 0.643519 0.092708 0.529630
0 0.354948 0.588889 0.081771 0.442593
0 0.405469 0.594907 0.110937 0.500926
0 0.435156 0.566667 0.057813 0.329630
0 0.447917 0.545833 0.051042 0.252778
0 0.490365 0.575926 0.047396 0.309259
0 0.582292 0.585185 0.153125 0.829630
0 0.669271 0.608796 0.065625 0.456481
0 0.690885 0.643519 0.077604 0.500000
0 0.731250 0.483796 0.022917 0.104630
0 0.770312 0.495370 0.029167 0.127778
0 0.820573 0.504630 0.022396 0.116667
0 0.904167 0.512037 0.191667 0.975926
0 0.379427 0.568519 0.069271 0.387037