0 0.081089 0.468656 0.082043 0.040704
0 0.138328 0.466112 0.036252 0.028832
0 0.177442 0.464416 0.041976 0.035616
0 0.223233 0.469504 0.036252 0.022048
0 0.259485 0.471200 0.047699 0.015264
0 0.298121 0.462720 0.020034 0.015264
0 0.290013 0.468656 0.020988 0.016960
0 0.321971 0.466112 0.020034 0.015264
0 0.343913 0.469504 0.020034 0.015264
0 0.364424 0.469504 0.015264 0.015264
0 0.379688 0.468656 0.011448 0.010176
0 0.416893 0.474592 0.015264 0.018656
0 0.463162 0.474592 0.010494 0.022048
0 0.396700 0.483072 0.029574 0.042399
0 0.442492 0.494096 0.044837 0.071231
0 0.514995 0.502575 0.056285 0.064447