0 0.521609 0.567152 0.012871 0.036610
0 0.539199 0.570203 0.024025 0.039661
0 0.562366 0.571729 0.020593 0.045763
0 0.582531 0.576305 0.023167 0.061017
0 0.595830 0.578593 0.037754 0.068644
0 0.607843 0.581644 0.027458 0.077797
0 0.636674 0.585458 0.046335 0.131186
0 0.507966 0.561051 0.012013 0.015254
0 0.378400 0.577830 0.034322 0.030508
0 0.350085 0.580119 0.022309 0.035085
0 0.326917 0.579356 0.036038 0.039661
0 0.274490 0.570508 0.071218 0.067119
0 0.441810 0.571271 0.031748 0.028983
0 0.492435 0.578898 0.038612 0.050339
0 0.690302 0.591864 0.132998 0.161695
0 0.413924 0.565169 0.024025 0.038136