0 0.344233 0.394823 0.008608 0.028904
0 0.334191 0.394823 0.013389 0.025504
0 0.327974 0.397373 0.010520 0.027204
0 0.320801 0.398223 0.013389 0.025504
0 0.301673 0.399074 0.026779 0.030605
0 0.270112 0.399074 0.030605 0.037406
0 0.354207 0.397373 0.020084 0.027204
0 0.376682 0.396523 0.026779 0.035705
0 0.431811 0.400895 0.014346 0.025504
0 0.454286 0.396645 0.011477 0.017003
0 0.462894 0.401745 0.011477 0.020403
0 0.482500 0.402596 0.033474 0.032305
0 0.487282 0.405146 0.016259 0.020403
0 0.511192 0.411097 0.056427 0.045907
0 0.519799 0.435751 0.048776 0.061209
0 0.569053 0.429800 0.068860 0.076511
0 0.592963 0.448502 0.080337 0.093514
0 0.410770 0.409761 0.037299 0.062909
0 0.635523 0.470970 0.131982 0.100315
0 0.814846 0.557683 0.228578 0.215932
0 0.933439 0.638445 0.131982 0.311146
0 0.116133 0.545781 0.231447 0.561083