0 0.937083 0.436541 0.123801 0.081451
0 0.655461 0.438447 0.060438 0.076252
0 0.600384 0.441913 0.024370 0.034660
0 0.522400 0.441913 0.006824 0.013864
0 0.543845 0.440180 0.010723 0.017330
0 0.555056 0.439313 0.013647 0.025995
0 0.566266 0.438447 0.012673 0.024262
0 0.576501 0.438447 0.009748 0.031194
0 0.588199 0.435847 0.021446 0.039859
0 0.311841 0.450578 0.010723 0.013864
0 0.327438 0.449711 0.010723 0.015597
0 0.376178 0.454910 0.024370 0.012131
0 0.411759 0.454044 0.023395 0.013864
0 0.299656 0.451444 0.009748 0.012131
0 0.243604 0.448845 0.012673 0.010398
0 0.286496 0.448845 0.010723 0.013864
0 0.334262 0.450578 0.008773 0.010398
0 0.346934 0.448845 0.008773 0.010398
0 0.509630 0.441046 0.009748 0.015597
0 0.516453 0.441913 0.005849 0.013864
0 0.498907 0.439313 0.009748 0.012131
0 0.390216 0.440180 0.010723 0.013864
0 0.409712 0.438447 0.008773 0.017330