0 0.133339 0.404469 0.084907 0.072283
0 0.288802 0.398410 0.068164 0.072283
0 0.332451 0.410102 0.023917 0.031890
0 0.368925 0.410102 0.025113 0.036142
0 0.386265 0.413291 0.014350 0.021260
0 0.396430 0.411165 0.013155 0.021260
0 0.410780 0.416480 0.010763 0.019134
0 0.446656 0.448370 0.084907 0.125433
0 0.484326 0.417543 0.019134 0.029764
0 0.510037 0.426047 0.034680 0.055276
0 0.535150 0.426047 0.017938 0.038268
0 0.568037 0.445181 0.069360 0.089291
0 0.623644 0.444118 0.051422 0.061654
0 0.796925 0.488764 0.169813 0.146693