0 0.344932 0.480468 0.011865 0.018750
0 0.289561 0.481640 0.014502 0.016406
0 0.255943 0.498047 0.018457 0.030469
0 0.273081 0.471093 0.010547 0.023437
0 0.240123 0.488672 0.015820 0.025781
0 0.217710 0.493359 0.018457 0.021094
0 0.197276 0.503906 0.019775 0.028125
0 0.175523 0.508593 0.018457 0.023437
0 0.159703 0.512109 0.015820 0.021094
0 0.137950 0.525000 0.048779 0.065625
0 0.369322 0.466406 0.015820 0.014062
0 0.408213 0.485156 0.011865 0.023437
0 0.388438 0.492187 0.043506 0.075000
0 0.471494 0.489843 0.051416 0.060937